#matrix Thread     Original     Mythread Time   CS MyThread    Pthread Time   CS Pthread
2        1         0.000001        0.054752      0.027376        0.000193      0.000192
2        2         0.000000        0.047740      0.047740        0.005203      0.002602
4        1         0.000002        0.078744      0.039371        0.000230      0.000228
4        2         0.000001        0.063726      0.031862        0.000148      0.000074
4        3         0.000001        0.059895      0.029947        0.000262      0.000087
4        4         0.000002        0.051517      0.025758        0.000794      0.000198
8        1         0.000007        0.051172      0.025582        0.000197      0.000190
8        2         0.000004        0.055667      0.027832        0.000230      0.000113
8        3         0.000005        0.051729      0.025862        0.000186      0.000060
8        4         0.000005        0.059814      0.029904        0.000278      0.000068
8        5         0.000004        0.055699      0.027848        0.001350      0.000269
8        6         0.000005        0.062660      0.031327        0.000450      0.000074
8        7         0.000008        0.051409      0.025700        0.000947      0.000134
8        8         0.000006        0.050944      0.025469        0.000603      0.000075
16        1         0.000031        0.047353      0.047322        0.000270      0.000239
16        2         0.000047        0.051605      0.025779        0.000221      0.000087
16        3         0.000047        0.047618      0.047571        0.000727      0.000227
16        4         0.000028        0.051219      0.025595        0.000283      0.000064
16        5         0.000034        0.063654      0.031810        0.000270      0.000047
16        6         0.000028        0.051611      0.025792        0.000356      0.000055
16        7         0.000028        0.047635      0.047607        0.000535      0.000072
16        8         0.000028        0.059391      0.029681        0.002710      0.000335
16        9         0.000034        0.045167      0.045133        0.004126      0.000455
16        10         0.000033        0.107791      0.035919        0.004604      0.000457
16        11         0.000030        0.063342      0.031656        0.000606      0.000052
16        12         0.000029        0.051273      0.025622        0.000740      0.000059
16        13         0.000028        0.047234      0.047206        0.000692      0.000051
16        14         0.000029        0.051193      0.025582        0.000746      0.000051
16        15         0.000029        0.047192      0.047163        0.002915      0.000192
16        16         0.000032        0.048756      0.048724        0.006262      0.000389
32        1         0.000292        0.049497      0.049205        0.000641      0.000349
32        2         0.000194        0.051107      0.025457        0.000558      0.000182
32        3         0.000201        0.055183      0.027491        0.007037      0.002279
32        4         0.000199        0.056739      0.028270        0.005006      0.001202
32        5         0.000215        0.046746      0.046531        0.000513      0.000060
32        6         0.000198        0.055242      0.027522        0.000581      0.000064
32        7         0.000199        0.067306      0.033553        0.000735      0.000077
32        8         0.000347        0.054700      0.027176        0.000669      0.000040
32        9         0.000222        0.047043      0.046821        0.000939      0.000080
32        10         0.000245        0.050851      0.025303        0.000763      0.000052
32        11         0.000223        0.046869      0.046646        0.005014      0.000436
32        12         0.000223        0.062991      0.031384        0.001053      0.000069
32        13         0.000394        0.058117      0.028861        0.001804      0.000108
32        14         0.000398        0.049541      0.049143        0.001030      0.000045
32        15         0.000200        0.046836      0.046636        0.003119      0.000195
32        16         0.000272        0.064594      0.032161        0.000942      0.000042
32        17         0.000199        0.046420      0.046221        0.010850      0.000627
32        18         0.000259        0.056599      0.028170        0.001589      0.000074
32        19         0.000201        0.054068      0.026934        0.001234      0.000054
32        20         0.000200        0.062405      0.031103        0.001390      0.000059
32        21         0.000200        0.050231      0.025015        0.003881      0.000175
32        22         0.000209        0.055578      0.027685        0.001249      0.000047
32        23         0.000199        0.054279      0.027040        0.001465      0.000055
32        24         0.000206        0.058156      0.028975        0.001478      0.000053
32        25         0.000200        0.050230      0.025015        0.007637      0.000297
32        26         0.000217        0.059718      0.029751        0.001219      0.000039
32        27         0.000223        0.062613      0.031195        0.001254      0.000038
32        28         0.000224        0.054085      0.026931        0.001436      0.000043
32        29         0.000223        0.046103      0.045880        0.001615      0.000048
32        30         0.000224        0.049926      0.049702        0.001653      0.000048
32        31         0.000226        0.045971      0.045745        0.003544      0.000107
32        32         0.000204        0.072372      0.036084        0.003332      0.000098
64        1         0.002062        0.049030      0.046968        0.002694      0.000632
64        2         0.002899        0.047208      0.044309        0.004933      0.001017
64        3         0.003958        0.048877      0.044919        0.002721      -0.000412
64        4         0.001957        0.047066      0.045109        0.002626      0.000167
64        5         0.001914        0.039233      0.037319        0.003003      0.000218
64        6         0.001951        0.043032      0.041081        0.003038      0.000181
64        7         0.001939        0.039110      0.037171        0.002950      0.000144
64        8         0.001970        0.047194      0.045224        0.002447      0.000060
64        9         0.001930        0.047061      0.045131        0.003001      0.000119
64        10         0.001547        0.043340      0.041793        0.002748      0.000120
64        11         0.001601        0.039479      0.037878        0.002773      0.000107
64        12         0.001593        0.043689      0.042096        0.002772      0.000098
64        13         0.001604        0.059453      0.028925        0.002900      0.000100
64        14         0.001680        0.047486      0.045806        0.002846      0.000083
64        15         0.001635        0.039519      0.037884        0.003124      0.000099
64        16         0.001599        0.043414      0.041815        0.003523      0.000120
64        17         0.001605        0.038561      0.036956        0.002491      0.000052
64        18         0.001600        0.063938      0.031169        0.011117      0.000529
64        19         0.001640        0.051257      0.024809        0.003144      0.000079
64        20         0.001594        0.043303      0.041709        0.003537      0.000097
64        21         0.001597        0.038957      0.037360        0.003030      0.000068
64        22         0.001603        0.042834      0.041231        0.002189      0.000027
64        23         0.001626        0.056446      0.027410        0.004745      0.000136
64        24         0.001618        0.049386      0.047768        0.003981      0.000098
64        25         0.001550        0.042653      0.041103        0.004487      0.000117
64        26         0.001550        0.041867      0.040317        0.004201      0.000102
64        27         0.001551        0.038880      0.037329        0.002484      0.000035
64        28         0.001960        0.087861      0.042951        0.006900      0.000176
64        29         0.001572        0.066913      0.032670        0.003294      0.000059
64        30         0.001954        0.042969      0.041015        0.006337      0.000146
64        31         0.001887        0.047156      0.045269        0.004679      0.000090
64        32         0.002003        0.057569      0.027783        0.004142      0.000067
64        33         0.001988        0.064186      0.031099        0.003202      0.000037
64        34         0.001942        0.050682      0.024370        0.003229      0.000038
64        35         0.001938        0.050283      0.024172        0.004336      0.000069
64        36         0.004500        0.059157      0.027329        0.003958      -0.000015
64        37         0.001982        0.053639      0.025828        0.003172      0.000032
64        38         0.001717        0.043198      0.041481        0.003095      0.000036
64        39         0.001948        0.050950      0.024501        0.003006      0.000027
64        40         0.001723        0.043370      0.041647        0.016954      0.000381
128        1         0.019141        0.040446      0.021305        0.020631      0.001490
128        2         0.019226        0.060038      0.020406        0.020877      0.000826
128        3         0.014535        0.044392      0.029857        0.018800      0.001422
128        4         0.026265        0.042731      0.016466        0.022948      -0.000829
128        5         0.014973        0.041907      0.026934        0.021069      0.001219
128        6         0.013679        0.057335      0.021828        0.018109      0.000738
128        7         0.013671        0.051327      0.018828        0.020736      0.001009
128        8         0.013648        0.045737      0.032089        0.019322      0.000709
128        9         0.013675        0.059664      0.022995        0.018634      0.000551
128        10         0.014399        0.046179      0.031780        0.019916      0.000552
128        11         0.014082        0.053732      0.019825        0.021477      0.000672
128        12         0.014323        0.060133      0.022905        0.018027      0.000309
128        13         0.013713        0.055287      0.020787        0.019657      0.000457
128        14         0.013676        0.053703      0.020014        0.021267      0.000542
128        15         0.014383        0.046211      0.031828        0.017923      0.000236
128        16         0.014294        0.057068      0.021387        0.021203      0.000432
128        17         0.014338        0.043003      0.028665        0.019280      0.000291
128        18         0.018429        0.059313      0.020442        0.021792      0.000187
128        19         0.014200        0.038306      0.024106        0.020979      0.000357
128        20         0.014294        0.044926      0.030632        0.019925      0.000282
128        21         0.013713        0.091025      0.038656        0.024288      0.000504
128        22         0.021381        0.019725      -0.001656        0.017670      -0.000169
128        23         0.014280        0.057344      0.021532        0.020271      0.000260
128        24         0.014665        0.051656      0.018496        0.024152      0.000395
128        25         0.014506        0.051959      0.018726        0.021323      0.000273
128        26         0.014568        0.041066      0.026498        0.018143      0.000137
128        27         0.014404        0.051716      0.018656        0.016489      0.000077
128        28         0.014409        0.053853      0.019722        0.018891      0.000160
128        29         0.014543        0.058534      0.021995        0.020726      0.000213
128        30         0.016351        0.047580      0.031229        0.019309      0.000099
128        31         0.014299        0.046349      0.032050        0.022287      0.000258
128        32         0.014472        0.052189      0.018859        0.020937      0.000202
128        33         0.014359        0.044770      0.030411        0.015144      0.000024
128        34         0.014336        0.018645      0.004309        0.017464      0.000092
128        35         0.014470        0.056196      0.020863        0.019674      0.000149
128        36         0.014338        0.046607      0.032269        0.019047      0.000131
128        37         0.014548        0.022319      0.007771        0.019030      0.000121
128        38         0.014587        0.046729      0.032142        0.019952      0.000141
128        39         0.014390        0.054252      0.019931        0.027840      0.000345
128        40         0.014710        0.057706      0.021498        0.021334      0.000166
256        1         0.137112        0.252697      0.019264        0.152663      0.015551
256        2         0.130629        0.190692      0.015016        0.153036      0.011204
256        3         0.133879        0.184655      0.012694        0.151740      0.005954
256        4         0.165814        0.263932      0.016353        0.144983      -0.005208
256        5         0.117472        0.134140      0.005556        0.146870      0.005880
256        6         0.118114        0.182888      0.016193        0.159762      0.006941
256        7         0.117743        0.177721      0.014995        0.148218      0.004354
256        8         0.122847        0.199359      0.019128        0.145253      0.002801
256        9         0.114655        0.205346      0.018138        0.142104      0.003050
256        10         0.116265        0.205178      0.017783        0.138198      0.002193
256        11         0.114607        0.175426      0.015205        0.141779      0.002470
256        12         0.115222        0.206093      0.018174        0.140684      0.002122
256        13         0.114745        0.170653      0.013977        0.142902      0.002166
256        14         0.119424        0.193291      0.018467        0.146530      0.001936
256        15         0.163547        0.162252      -0.000324        0.160579      -0.000198
256        16         0.118815        0.164951      0.011534        0.164734      0.002870
256        17         0.126537        0.201880      0.015069        0.167508      0.002410
256        18         0.115472        0.198899      0.020857        0.157706      0.002346
256        19         0.115842        0.179358      0.015879        0.148594      0.001724
256        20         0.115546        0.193044      0.019374        0.147079      0.001577
256        21         0.130976        0.202510      0.014307        0.153820      0.001088
256        22         0.115581        0.179619      0.016010        0.157334      0.001898
256        23         0.116474        0.177197      0.015181        0.156475      0.001739
256        24         0.115991        0.169497      0.013376        0.165336      0.002056
256        25         0.117650        0.206688      0.017808        0.167781      0.002005
256        26         0.127084        0.194937      0.016963        0.157977      0.001188
256        27         0.117622        0.181760      0.016034        0.157041      0.001460
256        28         0.125176        0.165868      0.010173        0.162019      0.001316
256        29         0.117396        0.164075      0.011670        0.156807      0.001359
256        30         0.128131        0.180205      0.013018        0.157402      0.000976
256        31         0.118229        0.164297      0.011517        0.152859      0.001117
256        32         0.115759        0.192451      0.019173        0.165482      0.001554
256        33         0.117451        0.160108      0.010664        0.142829      0.000769
256        34         0.115816        0.213583      0.019553        0.152988      0.001093
256        35         0.117675        0.184272      0.016649        0.171485      0.001537
256        36         0.117265        0.154840      0.009394        0.155749      0.001069
256        37         0.115957        0.134830      0.006291        0.136366      0.000552
256        38         0.116919        0.180301      0.015846        0.147553      0.000806
256        39         0.115973        0.176379      0.015101        0.148433      0.000832
256        40         0.115591        0.189600      0.018502        0.146787      0.000780
512        1         1.074407        2.402955      0.027113        1.116916      0.042509
512        2         1.206173        1.635175      0.013000        1.341448      0.067638
512        3         1.099375        1.387738      0.010299        1.188756      0.029794
512        4         1.139212        1.509424      0.011942        1.124382      -0.003708
512        5         1.068851        1.502568      0.013991        1.372256      0.060681
512        6         1.195200        1.512192      0.010226        1.406477      0.035213
512        7         1.719886        1.453656      -0.008874        1.239483      -0.068629
512        8         1.144089        1.349202      0.007597        1.305432      0.020168
512        9         1.049770        1.178760      0.005375        1.290811      0.026782
512        10         1.131465        1.244870      0.004536        1.309876      0.017841
512        11         1.094183        1.163763      0.002899        1.272599      0.016220
512        12         1.052466        1.252542      0.007695        1.183277      0.010901
512        13         1.028613        1.103345      0.003249        1.196701      0.012930
512        14         1.023884        1.213872      0.007600        1.223397      0.014251
512        15         1.019525        1.163570      0.006002        1.089296      0.004651
512        16         1.079117        1.159820      0.003363        1.244146      0.010314
512        17         1.037248        1.117449      0.003487        1.213245      0.010353
512        18         1.018154        1.134107      0.005041        1.204870      0.010373
512        19         1.072376        1.212901      0.005621        1.229193      0.008254
512        20         1.042026        1.162606      0.005024        1.191381      0.007468
512        21         1.143038        1.194375      0.002139        1.315670      0.008221
512        22         1.109353        1.261029      0.005834        1.259049      0.006804
512        23         1.100777        1.371230      0.009659        1.249617      0.006471
512        24         1.113891        1.296353      0.007018        1.359412      0.010230
512        25         1.177305        1.288990      0.004296        1.478169      0.012035
512        26         1.268548        1.234912      -0.001345        1.369005      0.003864
512        27         1.165297        1.167624      0.000097        1.342715      0.006571
512        28         1.109096        1.217416      0.004333        1.350862      0.008634
512        29         1.105351        1.232797      0.005098        1.348138      0.008372
512        30         1.147714        1.251264      0.003983        1.424864      0.009238
512        31         1.102519        1.153218      0.002112        1.350808      0.008009
512        32         1.108563        1.384244      0.009846        1.457225      0.010896
512        33         1.114299        1.138591      0.001056        1.316621      0.006131
512        34         1.105597        1.197051      0.003811        1.450421      0.010142
512        35         1.101773        1.167181      0.002725        1.280706      0.005112
512        36         1.163171        1.195021      0.001327        1.455723      0.008126
512        37         1.377510        1.438207      0.002093        1.311161      -0.001793
512        38         1.622579        1.201203      -0.016855        1.531887      -0.002387
512        39         2.039073        2.202490      0.003631        0.982765      -0.027085
512        40         1.126650        1.191132      0.002687        0.912513      -0.005353


