128        1         0.019141        0.040446      0.021305        0.020631      0.001490
128        2         0.019226        0.060038      0.020406        0.020877      0.000826
128        3         0.014535        0.044392      0.029857        0.018800      0.001422
128        4         0.026265        0.042731      0.016466        0.022948      -0.000829
128        5         0.014973        0.041907      0.026934        0.021069      0.001219
128        6         0.013679        0.057335      0.021828        0.018109      0.000738
128        7         0.013671        0.051327      0.018828        0.020736      0.001009
128        8         0.013648        0.045737      0.032089        0.019322      0.000709
128        9         0.013675        0.059664      0.022995        0.018634      0.000551
128        10         0.014399        0.046179      0.031780        0.019916      0.000552
128        11         0.014082        0.053732      0.019825        0.021477      0.000672
128        12         0.014323        0.060133      0.022905        0.018027      0.000309
128        13         0.013713        0.055287      0.020787        0.019657      0.000457
128        14         0.013676        0.053703      0.020014        0.021267      0.000542
128        15         0.014383        0.046211      0.031828        0.017923      0.000236
128        16         0.014294        0.057068      0.021387        0.021203      0.000432
128        17         0.014338        0.043003      0.028665        0.019280      0.000291
128        18         0.018429        0.059313      0.020442        0.021792      0.000187
128        19         0.014200        0.038306      0.024106        0.020979      0.000357
128        20         0.014294        0.044926      0.030632        0.019925      0.000282
128        21         0.013713        0.091025      0.038656        0.024288      0.000504
128        22         0.021381        0.019725      -0.001656        0.017670      -0.000169
128        23         0.014280        0.057344      0.021532        0.020271      0.000260
128        24         0.014665        0.051656      0.018496        0.024152      0.000395
128        25         0.014506        0.051959      0.018726        0.021323      0.000273
128        26         0.014568        0.041066      0.026498        0.018143      0.000137
128        27         0.014404        0.051716      0.018656        0.016489      0.000077
128        28         0.014409        0.053853      0.019722        0.018891      0.000160
128        29         0.014543        0.058534      0.021995        0.020726      0.000213
128        30         0.016351        0.047580      0.031229        0.019309      0.000099
128        31         0.014299        0.046349      0.032050        0.022287      0.000258
128        32         0.014472        0.052189      0.018859        0.020937      0.000202
128        33         0.014359        0.044770      0.030411        0.015144      0.000024
128        34         0.014336        0.018645      0.004309        0.017464      0.000092
128        35         0.014470        0.056196      0.020863        0.019674      0.000149
128        36         0.014338        0.046607      0.032269        0.019047      0.000131
128        37         0.014548        0.022319      0.007771        0.019030      0.000121
128        38         0.014587        0.046729      0.032142        0.019952      0.000141
128        39         0.014390        0.054252      0.019931        0.027840      0.000345
128        40         0.014710        0.057706      0.021498        0.021334      0.000166
