512        1         1.074407        2.402955      0.027113        1.116916      0.042509
512        2         1.206173        1.635175      0.013000        1.341448      0.067638
512        3         1.099375        1.387738      0.010299        1.188756      0.029794
512        4         1.139212        1.509424      0.011942        1.124382      -0.003708
512        5         1.068851        1.502568      0.013991        1.372256      0.060681
512        6         1.195200        1.512192      0.010226        1.406477      0.035213
512        7         1.719886        1.453656      -0.008874        1.239483      -0.068629
512        8         1.144089        1.349202      0.007597        1.305432      0.020168
512        9         1.049770        1.178760      0.005375        1.290811      0.026782
512        10         1.131465        1.244870      0.004536        1.309876      0.017841
512        11         1.094183        1.163763      0.002899        1.272599      0.016220
512        12         1.052466        1.252542      0.007695        1.183277      0.010901
512        13         1.028613        1.103345      0.003249        1.196701      0.012930
512        14         1.023884        1.213872      0.007600        1.223397      0.014251
512        15         1.019525        1.163570      0.006002        1.089296      0.004651
512        16         1.079117        1.159820      0.003363        1.244146      0.010314
512        17         1.037248        1.117449      0.003487        1.213245      0.010353
512        18         1.018154        1.134107      0.005041        1.204870      0.010373
512        19         1.072376        1.212901      0.005621        1.229193      0.008254
512        20         1.042026        1.162606      0.005024        1.191381      0.007468
512        21         1.143038        1.194375      0.002139        1.315670      0.008221
512        22         1.109353        1.261029      0.005834        1.259049      0.006804
512        23         1.100777        1.371230      0.009659        1.249617      0.006471
512        24         1.113891        1.296353      0.007018        1.359412      0.010230
512        25         1.177305        1.288990      0.004296        1.478169      0.012035
512        26         1.268548        1.234912      -0.001345        1.369005      0.003864
512        27         1.165297        1.167624      0.000097        1.342715      0.006571
512        28         1.109096        1.217416      0.004333        1.350862      0.008634
512        29         1.105351        1.232797      0.005098        1.348138      0.008372
512        30         1.147714        1.251264      0.003983        1.424864      0.009238
512        31         1.102519        1.153218      0.002112        1.350808      0.008009
512        32         1.108563        1.384244      0.009846        1.457225      0.010896
512        33         1.114299        1.138591      0.001056        1.316621      0.006131
512        34         1.105597        1.197051      0.003811        1.450421      0.010142
512        35         1.101773        1.167181      0.002725        1.280706      0.005112
512        36         1.163171        1.195021      0.001327        1.455723      0.008126
512        37         1.377510        1.438207      0.002093        1.311161      -0.001793
512        38         1.622579        1.201203      -0.016855        1.531887      -0.002387
512        39         2.039073        2.202490      0.003631        0.982765      -0.027085
512        40         1.126650        1.191132      0.002687        0.912513      -0.005353
