#matrix Thread     Original     Mythread Time   CS MyThread    Pthread Time   CS Pthread
2        1         0.000002        0.057576      0.028787        0.000402      0.000400
4        1         0.000001        0.051506      0.025753        0.000188      0.000187
8        1         0.000004        0.051783      0.025890        0.000181      0.000177
16        1         0.000027        0.047756      0.047729        0.000276      0.000249
32        1         0.000191        0.052064      0.025936        0.002374      0.002183
64        1         0.005286        0.049303      0.044017        0.004070      -0.001216
128        1         0.012992        0.046179      0.033187        0.020405      0.007413
256        1         0.145797        0.256566      0.018462        0.146728      0.000931
512        1         1.188489        2.577440      0.026711        1.198500      0.010011
