64        1         0.002062        0.049030      0.046968        0.002694      0.000632
64        2         0.002899        0.047208      0.044309        0.004933      0.001017
64        3         0.003958        0.048877      0.044919        0.002721      -0.000412
64        4         0.001957        0.047066      0.045109        0.002626      0.000167
64        5         0.001914        0.039233      0.037319        0.003003      0.000218
64        6         0.001951        0.043032      0.041081        0.003038      0.000181
64        7         0.001939        0.039110      0.037171        0.002950      0.000144
64        8         0.001970        0.047194      0.045224        0.002447      0.000060
64        9         0.001930        0.047061      0.045131        0.003001      0.000119
64        10         0.001547        0.043340      0.041793        0.002748      0.000120
64        11         0.001601        0.039479      0.037878        0.002773      0.000107
64        12         0.001593        0.043689      0.042096        0.002772      0.000098
64        13         0.001604        0.059453      0.028925        0.002900      0.000100
64        14         0.001680        0.047486      0.045806        0.002846      0.000083
64        15         0.001635        0.039519      0.037884        0.003124      0.000099
64        16         0.001599        0.043414      0.041815        0.003523      0.000120
64        17         0.001605        0.038561      0.036956        0.002491      0.000052
64        18         0.001600        0.063938      0.031169        0.011117      0.000529
64        19         0.001640        0.051257      0.024809        0.003144      0.000079
64        20         0.001594        0.043303      0.041709        0.003537      0.000097
64        21         0.001597        0.038957      0.037360        0.003030      0.000068
64        22         0.001603        0.042834      0.041231        0.002189      0.000027
64        23         0.001626        0.056446      0.027410        0.004745      0.000136
64        24         0.001618        0.049386      0.047768        0.003981      0.000098
64        25         0.001550        0.042653      0.041103        0.004487      0.000117
64        26         0.001550        0.041867      0.040317        0.004201      0.000102
64        27         0.001551        0.038880      0.037329        0.002484      0.000035
64        28         0.001960        0.087861      0.042951        0.006900      0.000176
64        29         0.001572        0.066913      0.032670        0.003294      0.000059
64        30         0.001954        0.042969      0.041015        0.006337      0.000146
64        31         0.001887        0.047156      0.045269        0.004679      0.000090
64        32         0.002003        0.057569      0.027783        0.004142      0.000067
64        33         0.001988        0.064186      0.031099        0.003202      0.000037
64        34         0.001942        0.050682      0.024370        0.003229      0.000038
64        35         0.001938        0.050283      0.024172        0.004336      0.000069
64        36         0.004500        0.059157      0.027329        0.003958      -0.000015
64        37         0.001982        0.053639      0.025828        0.003172      0.000032
64        38         0.001717        0.043198      0.041481        0.003095      0.000036
64        39         0.001948        0.050950      0.024501        0.003006      0.000027
64        40         0.001723        0.043370      0.041647        0.016954      0.000381
