32        1         0.000292        0.049497      0.049205        0.000641      0.000349
32        2         0.000194        0.051107      0.025457        0.000558      0.000182
32        3         0.000201        0.055183      0.027491        0.007037      0.002279
32        4         0.000199        0.056739      0.028270        0.005006      0.001202
32        5         0.000215        0.046746      0.046531        0.000513      0.000060
32        6         0.000198        0.055242      0.027522        0.000581      0.000064
32        7         0.000199        0.067306      0.033553        0.000735      0.000077
32        8         0.000347        0.054700      0.027176        0.000669      0.000040
32        9         0.000222        0.047043      0.046821        0.000939      0.000080
32        10         0.000245        0.050851      0.025303        0.000763      0.000052
32        11         0.000223        0.046869      0.046646        0.005014      0.000436
32        12         0.000223        0.062991      0.031384        0.001053      0.000069
32        13         0.000394        0.058117      0.028861        0.001804      0.000108
32        14         0.000398        0.049541      0.049143        0.001030      0.000045
32        15         0.000200        0.046836      0.046636        0.003119      0.000195
32        16         0.000272        0.064594      0.032161        0.000942      0.000042
32        17         0.000199        0.046420      0.046221        0.010850      0.000627
32        18         0.000259        0.056599      0.028170        0.001589      0.000074
32        19         0.000201        0.054068      0.026934        0.001234      0.000054
32        20         0.000200        0.062405      0.031103        0.001390      0.000059
32        21         0.000200        0.050231      0.025015        0.003881      0.000175
32        22         0.000209        0.055578      0.027685        0.001249      0.000047
32        23         0.000199        0.054279      0.027040        0.001465      0.000055
32        24         0.000206        0.058156      0.028975        0.001478      0.000053
32        25         0.000200        0.050230      0.025015        0.007637      0.000297
32        26         0.000217        0.059718      0.029751        0.001219      0.000039
32        27         0.000223        0.062613      0.031195        0.001254      0.000038
32        28         0.000224        0.054085      0.026931        0.001436      0.000043
32        29         0.000223        0.046103      0.045880        0.001615      0.000048
32        30         0.000224        0.049926      0.049702        0.001653      0.000048
32        31         0.000226        0.045971      0.045745        0.003544      0.000107
32        32         0.000204        0.072372      0.036084        0.003332      0.000098
