256        1         0.137112        0.252697      0.019264        0.152663      0.015551
256        2         0.130629        0.190692      0.015016        0.153036      0.011204
256        3         0.133879        0.184655      0.012694        0.151740      0.005954
256        4         0.165814        0.263932      0.016353        0.144983      -0.005208
256        5         0.117472        0.134140      0.005556        0.146870      0.005880
256        6         0.118114        0.182888      0.016193        0.159762      0.006941
256        7         0.117743        0.177721      0.014995        0.148218      0.004354
256        8         0.122847        0.199359      0.019128        0.145253      0.002801
256        9         0.114655        0.205346      0.018138        0.142104      0.003050
256        10         0.116265        0.205178      0.017783        0.138198      0.002193
256        11         0.114607        0.175426      0.015205        0.141779      0.002470
256        12         0.115222        0.206093      0.018174        0.140684      0.002122
256        13         0.114745        0.170653      0.013977        0.142902      0.002166
256        14         0.119424        0.193291      0.018467        0.146530      0.001936
256        15         0.163547        0.162252      -0.000324        0.160579      -0.000198
256        16         0.118815        0.164951      0.011534        0.164734      0.002870
256        17         0.126537        0.201880      0.015069        0.167508      0.002410
256        18         0.115472        0.198899      0.020857        0.157706      0.002346
256        19         0.115842        0.179358      0.015879        0.148594      0.001724
256        20         0.115546        0.193044      0.019374        0.147079      0.001577
256        21         0.130976        0.202510      0.014307        0.153820      0.001088
256        22         0.115581        0.179619      0.016010        0.157334      0.001898
256        23         0.116474        0.177197      0.015181        0.156475      0.001739
256        24         0.115991        0.169497      0.013376        0.165336      0.002056
256        25         0.117650        0.206688      0.017808        0.167781      0.002005
256        26         0.127084        0.194937      0.016963        0.157977      0.001188
256        27         0.117622        0.181760      0.016034        0.157041      0.001460
256        28         0.125176        0.165868      0.010173        0.162019      0.001316
256        29         0.117396        0.164075      0.011670        0.156807      0.001359
256        30         0.128131        0.180205      0.013018        0.157402      0.000976
256        31         0.118229        0.164297      0.011517        0.152859      0.001117
256        32         0.115759        0.192451      0.019173        0.165482      0.001554
256        33         0.117451        0.160108      0.010664        0.142829      0.000769
256        34         0.115816        0.213583      0.019553        0.152988      0.001093
256        35         0.117675        0.184272      0.016649        0.171485      0.001537
256        36         0.117265        0.154840      0.009394        0.155749      0.001069
256        37         0.115957        0.134830      0.006291        0.136366      0.000552
256        38         0.116919        0.180301      0.015846        0.147553      0.000806
256        39         0.115973        0.176379      0.015101        0.148433      0.000832
256        40         0.115591        0.189600      0.018502        0.146787      0.000780
