#matrix Thread     Original     Mythread Time   CS MyThread    Pthread Time   CS Pthread
2        1         0.000002        0.057576      0.028787        0.000402      0.000400
4        1         0.000001        0.051506      0.025753        0.000188      0.000187
8        1         0.000004        0.051783      0.025890        0.000181      0.000177
16        1         0.000027        0.047756      0.047729        0.000276      0.000249
32        1         0.000191        0.052064      0.025936        0.002374      0.002183
64        1         0.005286        0.049303      0.044017        0.004070      -0.001216
128        1         0.012992        0.046179      0.033187        0.020405      0.007413
256        1         0.145797        0.256566      0.018462        0.146728      0.000931
512        1         1.188489        2.577440      0.026711        1.198500      0.010011
2        2         0.000001        0.052013      0.026006        0.000248      0.000124
4        2         0.000002        0.051723      0.025861        0.000249      0.000124
8        2         0.000007        0.047685      0.047678        0.000245      0.000119
16        2         0.000033        0.051695      0.025831        0.000266      0.000116
32        2         0.000325        0.055543      0.027609        0.000486      0.000080
64        2         0.001711        0.051309      0.024799        0.003510      0.000899
128        2         0.013874        0.047636      0.033762        0.020186      0.003156
256        2         0.144496        0.193943      0.012362        0.138114      -0.003191
512        2         1.119633        1.731620      0.017485        1.242008      0.061188
2        3         0.000001        0.018107      0.018106        0.000302      0.000100
4        3         0.000009        0.044328      0.044319        0.000235      0.000075
8        3         0.000006        0.047718      0.047712        0.000221      0.000072
16        3         0.000039        0.051733      0.025847        0.000252      0.000071
32        3         0.000216        0.047664      0.047448        0.002113      0.000632
64        3         0.001736        0.053532      0.025898        0.002527      0.000264
128        3         0.014015        0.043382      0.029367        0.017632      0.001206
256        3         0.120251        0.163271      0.010755        0.164552      0.014767
512        3         1.128914        1.599470      0.014705        1.274905      0.048664
2        4         0.000002        0.009310      0.009308        0.000307      0.000076
4        4         0.000003        0.047645      0.047642        0.000294      0.000073
8        4         0.000005        0.051649      0.025822        0.000281      0.000069
16        4         0.000030        0.047677      0.047647        0.000289      0.000065
32        4         0.000210        0.051624      0.025707        0.010714      0.002626
64        4         0.001845        0.044968      0.043123        0.002336      0.000123
128        4         0.014823        0.056049      0.020613        0.019504      0.001170
256        4         0.129901        0.197072      0.016793        0.154138      0.006059
512        4         1.148624        1.459821      0.010373        1.293773      0.036287
2        5         0.000001        0.013907      0.013906        0.000401      0.000080
4        5         0.000003        0.051571      0.025784        0.000359      0.000071
8        5         0.000008        0.051586      0.025789        0.000402      0.000079
16        5         0.000032        0.047563      0.047531        0.000459      0.000085
32        5         0.000210        0.051534      0.025662        0.006131      0.001184
64        5         0.001873        0.049473      0.047600        0.003487      0.000323
128        5         0.013665        0.051494      0.018915        0.018355      0.000938
256        5         0.125305        0.210842      0.017107        0.142984      0.003536
512        5         1.115628        1.384365      0.009598        1.299714      0.036817
2        6         0.000000        0.012191      0.012191        0.000327      0.000055
4        6         0.000003        0.047656      0.047653        0.000341      0.000056
8        6         0.000008        0.051604      0.025798        0.000386      0.000063
16        6         0.000031        0.047575      0.047544        0.000386      0.000059
32        6         0.000217        0.051521      0.025652        0.008786      0.001428
64        6         0.001859        0.046681      0.044822        0.002485      0.000104
128        6         0.018222        0.047041      0.028819        0.019650      0.000238
256        6         0.125274        0.203636      0.015672        0.158189      0.005486
512        6         1.098386        1.379804      0.010051        1.280014      0.030271
2        7         0.000001        0.033553      0.033552        0.000534      0.000076
4        7         0.000004        0.047424      0.047420        0.000503      0.000071
8        7         0.000008        0.051448      0.025720        0.000482      0.000068
16        7         0.000033        0.047458      0.047425        0.000544      0.000073
32        7         0.000215        0.051415      0.025600        0.001237      0.000146
64        7         0.001743        0.046401      0.044658        0.002259      0.000074
128        7         0.013671        0.051750      0.019040        0.020909      0.001034
256        7         0.118423        0.199858      0.020359        0.149882      0.004494
512        7         1.132776        1.344311      0.007835        1.281178      0.021200
2        8         0.000001        0.019159      0.019158        0.001050      0.000131
4        8         0.000003        0.062903      0.031450        0.000549      0.000068
8        8         0.000008        0.047410      0.047402        0.000503      0.000062
16        8         0.000033        0.051427      0.025697        0.000665      0.000079
32        8         0.000219        0.047294      0.047075        0.000888      0.000084
64        8         0.001711        0.050771      0.024530        0.002830      0.000140
128        8         0.013720        0.043284      0.029564        0.023821      0.001263
256        8         0.119497        0.195263      0.018941        0.164986      0.005686
512        8         1.104582        1.295394      0.007339        1.265342      0.020095
2        9         0.000001        0.037473      0.037472        0.000646      0.000072
4        9         0.000003        0.051309      0.025653        0.000560      0.000062
8        9         0.000008        0.047395      0.047387        0.000476      0.000052
16        9         0.000034        0.051478      0.025722        0.000529      0.000055
32        9         0.000212        0.047378      0.047166        0.000863      0.000072
64        9         0.001741        0.050865      0.024562        0.002604      0.000096
128        9         0.014336        0.039343      0.025007        0.021836      0.000833
256        9         0.123567        0.189376      0.016452        0.144614      0.002339
512        9         1.122982        1.320167      0.007303        1.304156      0.020130
2        10         0.000001        0.031106      0.031105        0.000739      0.000074
4        10         0.000004        0.047224      0.047220        0.000778      0.000077
8        10         0.000007        0.051164      0.025579        0.000787      0.000078
16        10         0.000033        0.047225      0.047192        0.000840      0.000081
32        10         0.000210        0.051057      0.025424        0.001334      0.000112
64        10         0.001755        0.046271      0.044516        0.002473      0.000072
128        10         0.014458        0.054793      0.020168        0.019411      0.000495
256        10         0.132686        0.181144      0.012115        0.118863      -0.001382
512        10         1.072422        1.318085      0.009099        1.083109      0.001069
2        11         0.000002        0.032791      0.032789        0.000778      0.000071
4        11         0.000003        0.047168      0.047165        0.000887      0.000080
8        11         0.000008        0.051061      0.025527        0.000756      0.000068
16        11         0.000031        0.047276      0.047245        0.000815      0.000071
32        11         0.000201        0.051054      0.025427        0.005293      0.000463
64        11         0.001679        0.066178      0.032250        0.002450      0.000070
128        11         0.013327        0.051335      0.019004        0.020068      0.000613
256        11         0.133037        0.201524      0.013697        0.151831      0.001709
512        11         1.125940        1.236832      0.004436        1.156896      0.002814
2        12         0.000001        0.017258      0.017257        0.000635      0.000053
4        12         0.000002        0.047333      0.047331        0.000678      0.000056
8        12         0.000007        0.051293      0.025643        0.000674      0.000056
16        12         0.000030        0.047246      0.047216        0.000731      0.000058
32        12         0.000201        0.051197      0.025498        0.000653      0.000038
64        12         0.001730        0.046866      0.045136        0.001913      0.000015
128        12         0.013261        0.047772      0.034511        0.015320      0.000172
256        12         0.133647        0.200324      0.013335        0.105762      -0.002324
512        12         1.087263        1.205117      0.004714        0.888681      -0.016548
2        13         0.000001        0.010993      0.010992        0.000492      0.000038
4        13         0.000001        0.047437      0.047436        0.000582      0.000045
8        13         0.000005        0.059316      0.029656        0.000625      0.000048
16        13         0.000025        0.047198      0.047173        0.000672      0.000050
32        13         0.000187        0.051239      0.025526        0.000996      0.000062
64        13         0.001686        0.050505      0.024409        0.002754      0.000082
128        13         0.014587        0.042177      0.027590        0.018757      0.000321
256        13         0.128960        0.184653      0.013923        0.109324      -0.001510
512        13         1.061351        1.275377      0.008232        0.889550      -0.013215
2        14         0.000001        0.030276      0.030275        0.000569      0.000041
4        14         0.000001        0.051391      0.025695        0.000676      0.000048
8        14         0.000004        0.051374      0.025685        0.000700      0.000050
16        14         0.000025        0.051222      0.025599        0.000685      0.000047
32        14         0.000183        0.063338      0.031578        0.000765      0.000042
64        14         0.001717        0.062598      0.030440        0.002050      0.000024
128        14         0.013409        0.044201      0.030792        0.016023      0.000187
256        14         0.134678        0.204930      0.014050        0.116628      -0.001289
512        14         1.100063        1.308373      0.007715        0.834699      -0.018955
2        15         0.000001        0.003536      0.003535        0.000641      0.000043
4        15         0.000002        0.051347      0.025672        0.000605      0.000040
8        15         0.000004        0.047362      0.047358        0.000641      0.000042
16        15         0.000024        0.051347      0.025661        0.000814      0.000053
32        15         0.000183        0.047152      0.046969        0.008092      0.000527
64        15         0.001522        0.051748      0.025113        0.001921      0.000027
128        15         0.013478        0.047644      0.034166        0.014999      0.000101
256        15         0.117612        0.204448      0.017367        0.103501      -0.000941
512        15         1.060529        1.246129      0.007424        1.266505      0.013732
2        16         0.000001        0.025228      0.025227        0.000914      0.000057
4        16         0.000001        0.047041      0.047040        0.001092      0.000068
8        16         0.000004        0.050914      0.025455        0.000766      0.000048
16        16         0.000025        0.047211      0.047186        0.000862      0.000052
32        16         0.000186        0.068272      0.034043        0.008272      0.000505
64        16         0.002123        0.045462      0.043339        0.003780      0.000104
128        16         0.016258        0.047388      0.031130        0.018959      0.000169
256        16         0.114340        0.194659      0.020080        0.110045      -0.000268
512        16         1.036015        1.188106      0.006337        0.930006      -0.006626
2        17         0.000001        0.034717      0.034716        0.000891      0.000052
4        17         0.000002        0.051071      0.025534        0.000901      0.000053
8        17         0.000007        0.047048      0.047041        0.000939      0.000055
16        17         0.000030        0.050998      0.025484        0.000848      0.000048
32        17         0.000199        0.046986      0.046787        0.000817      0.000036
64        17         0.001608        0.050718      0.024555        0.002600      0.000058
128        17         0.013278        0.043324      0.030046        0.016010      0.000161
256        17         0.117010        0.199718      0.020677        0.108429      -0.000505
512        17         1.039373        1.178843      0.005811        0.912784      -0.007446
2        18         0.000000        0.027229      0.027229        0.000897      0.000050
4        18         0.000002        0.047678      0.047676        0.001710      0.000095
8        18         0.000012        0.049691      0.049679        0.001188      0.000065
16        18         0.000030        0.046690      0.046660        0.000943      0.000051
32        18         0.000196        0.055031      0.027418        0.000964      0.000043
64        18         0.001731        0.046247      0.044516        0.002559      0.000046
128        18         0.014186        0.047005      0.032819        0.014601      0.000023
256        18         0.114663        0.200006      0.017069        0.106715      -0.000442
512        18         1.035517        1.157585      0.005086        0.857446      -0.009893
2        19         0.000001        0.019943      0.019942        0.000867      0.000046
4        19         0.000002        0.051141      0.025569        0.000943      0.000050
8        19         0.000006        0.046935      0.046929        0.000889      0.000046
16        19         0.000029        0.051093      0.025532        0.000940      0.000048
32        19         0.000197        0.054976      0.027389        0.001417      0.000064
64        19         0.001633        0.054159      0.026263        0.002765      0.000060
128        19         0.013439        0.038244      0.024805        0.013512      0.000004
256        19         0.116133        0.203654      0.017504        0.100817      -0.000806
512        19         1.036786        1.103458      0.002899        0.898456      -0.007281
2        20         0.000001        0.023256      0.023255        0.000920      0.000046
4        20         0.000002        0.047041      0.047039        0.001081      0.000054
8        20         0.000007        0.050851      0.025422        0.000951      0.000047
16        20         0.000030        0.047051      0.047021        0.000918      0.000044
32        20         0.000203        0.050899      0.025348        0.000912      0.000035
64        20         0.001598        0.046882      0.045284        0.003196      0.000080
128        20         0.013363        0.043024      0.029661        0.015205      0.000092
256        20         0.115147        0.201157      0.017202        0.104394      -0.000538
512        20         1.046172        1.188389      0.005926        1.218177      0.008600
2        21         0.000001        0.034153      0.034152        0.001270      0.000060
4        21         0.000002        0.046674      0.046672        0.001162      0.000055
8        21         0.000007        0.050837      0.025415        0.001196      0.000057
16        21         0.000030        0.046696      0.046666        0.001113      0.000052
32        21         0.000200        0.050829      0.025315        0.001177      0.000047
64        21         0.001644        0.046520      0.044876        0.003609      0.000094
128        21         0.013368        0.042285      0.028917        0.022435      0.000432
256        21         0.116146        0.174187      0.014510        0.156002      0.001898
512        21         1.063553        1.253139      0.007292        1.318106      0.012122
2        22         0.000001        0.031550      0.031549        0.001094      0.000050
4        22         0.000002        0.050998      0.025498        0.001217      0.000055
8        22         0.000007        0.046639      0.046632        0.001163      0.000053
16        22         0.000031        0.050782      0.025375        0.001320      0.000059
32        22         0.000204        0.056654      0.028225        0.001408      0.000055
64        22         0.001692        0.055940      0.027124        0.003464      0.000081
128        22         0.014666        0.041261      0.026595        0.017839      0.000144
256        22         0.139760        0.190784      0.012756        0.139947      0.000009
512        22         1.103825        1.314105      0.007788        1.159013      0.002509
2        23         0.000002        0.002325      0.002323        0.001251      0.000054
4        23         0.000001        0.050207      0.025103        0.001299      0.000056
8        23         0.000006        0.046695      0.046689        0.001444      0.000063
16        23         0.000030        0.054430      0.027200        0.001294      0.000055
32        23         0.000198        0.046764      0.046566        0.002652      0.000107
64        23         0.001605        0.060710      0.029552        0.002746      0.000050
128        23         0.015206        0.041081      0.025875        0.020030      0.000210
256        23         0.127509        0.192207      0.016175        0.140664      0.000572
512        23         1.150896        1.120272      -0.001331        1.238911      0.003827
2        24         0.000001        0.008603      0.008602        0.001796      0.000075
4        24         0.000002        0.050201      0.025099        0.001109      0.000046
8        24         0.000006        0.046842      0.046836        0.001306      0.000054
16        24         0.000030        0.050674      0.025322        0.001201      0.000049
32        24         0.000196        0.046689      0.046493        0.002283      0.000087
64        24         0.001568        0.061494      0.029963        0.002742      0.000049
128        24         0.012742        0.042915      0.030173        0.022211      0.000395
256        24         0.116625        0.140369      0.007915        0.143600      0.001124
512        24         1.037589        1.170941      0.005556        1.281037      0.010144
2        25         0.000001        0.023765      0.023764        0.001321      0.000053
4        25         0.000002        0.050617      0.025308        0.001277      0.000051
8        25         0.000006        0.046601      0.046595        0.001222      0.000049
16        25         0.000037        0.050779      0.025371        0.001192      0.000046
32        25         0.000199        0.057994      0.028898        0.001214      0.000041
64        25         0.001694        0.054832      0.026569        0.003114      0.000057
128        25         0.013365        0.043151      0.029786        0.021565      0.000328
256        25         0.125779        0.187086      0.015327        0.147726      0.000878
512        25         1.030282        1.138132      0.004689        1.300193      0.010796
2        26         0.000001        0.012640      0.012639        0.001414      0.000054
4        26         0.000003        0.046505      0.046502        0.001421      0.000055
8        26         0.000008        0.050337      0.025164        0.001362      0.000052
16        26         0.000031        0.046587      0.046556        0.001429      0.000054
32        26         0.000307        0.050309      0.025001        0.009079      0.000337
64        26         0.001885        0.055872      0.026994        0.002531      0.000025
128        26         0.014629        0.046940      0.032311        0.016824      0.000084
256        26         0.124770        0.191226      0.016614        0.147728      0.000883
512        26         1.154494        1.267767      0.004357        1.319189      0.006334
2        27         0.000001        0.022503      0.022502        0.001692      0.000063
4        27         0.000002        0.046236      0.046234        0.001683      0.000062
8        27         0.000006        0.054316      0.027155        0.001768      0.000065
16        27         0.000030        0.050187      0.025079        0.001630      0.000059
32        27         0.000210        0.063753      0.031772        0.010126      0.000367
64        27         0.001601        0.039999      0.038398        0.004205      0.000096
128        27         0.013334        0.051632      0.019149        0.014970      0.000061
256        27         0.126399        0.197773      0.017844        0.103227      -0.000858
512        27         1.123371        1.139627      0.000707        0.806498      -0.011736
2        28         0.000001        0.029543      0.029542        0.001115      0.000040
4        28         0.000003        0.046782      0.046779        0.001274      0.000045
8        28         0.000020        0.050760      0.025370        0.001308      0.000046
16        28         0.000029        0.050658      0.025314        0.001329      0.000046
32        28         0.000196        0.054642      0.027223        0.001881      0.000060
64        28         0.001599        0.049729      0.048130        0.002990      0.000050
128        28         0.013303        0.045897      0.032594        0.015885      0.000092
256        28         0.113280        0.198344      0.021266        0.105880      -0.000264
512        28         1.112333        1.219832      0.004300        1.250391      0.004931
2        29         0.000001        0.024707      0.024706        0.001519      0.000052
4        29         0.000003        0.046419      0.046416        0.001563      0.000054
8        29         0.000007        0.054358      0.027175        0.001478      0.000051
16        29         0.000032        0.050445      0.025206        0.001353      0.000046
32        29         0.000223        0.054719      0.027248        0.019573      0.000667
64        29         0.002712        0.046725      0.044013        0.004862      0.000074
128        29         0.014360        0.039337      0.024977        0.018721      0.000150
256        29         0.115239        0.188542      0.018326        0.127207      0.000413
512        29         1.055493        1.192611      0.005713        1.238480      0.006310
2        30         0.000001        0.015475      0.015474        0.001975      0.000066
4        30         0.000002        0.053954      0.026976        0.002163      0.000072
8        30         0.000006        0.049903      0.049897        0.002173      0.000072
16        30         0.000030        0.049995      0.049965        0.001850      0.000061
32        30         0.000197        0.049842      0.049645        0.001958      0.000059
64        30         0.001614        0.049821      0.048207        0.004603      0.000100
128        30         0.013533        0.036682      0.023149        0.022186      0.000288
256        30         0.120147        0.180404      0.015064        0.140227      0.000669
512        30         1.140471        1.267258      0.004876        1.338602      0.006604
2        31         0.000001        0.030860      0.030859        0.001563      0.000050
4        31         0.000003        0.046413      0.046410        0.001504      0.000048
8        31         0.000007        0.050471      0.025232        0.001921      0.000062
16        31         0.000030        0.046038      0.046008        0.001577      0.000050
32        31         0.000196        0.057463      0.028633        0.001934      0.000056
64        31         0.001757        0.038632      0.036875        0.003965      0.000071
128        31         0.013624        0.041799      0.028175        0.019533      0.000191
256        31         0.123762        0.177948      0.013546        0.157276      0.001081
512        31         1.124136        1.255651      0.005058        1.142142      0.000581
2        32         0.000001        0.046152      0.046151        0.001379      0.000043
4        32         0.000001        0.046639      0.046638        0.001478      0.000046
8        32         0.000005        0.050514      0.025254        0.001534      0.000048
16        32         0.000025        0.046425      0.046400        0.001578      0.000049
32        32         0.000190        0.054478      0.027144        0.001699      0.000047
64        32         0.001592        0.045993      0.044401        0.003804      0.000069
128        32         0.013223        0.042449      0.029226        0.020385      0.000224
256        32         0.114660        0.183599      0.017235        0.140679      0.000813
512        32         1.026017        1.140110      0.004961        1.183996      0.004937
2        33         0.000001        0.033928      0.033927        0.001610      0.000049
4        33         0.000002        0.050390      0.025194        0.001661      0.000050
8        33         0.000006        0.046108      0.046102        0.001532      0.000046
16        33         0.000028        0.050324      0.025148        0.001480      0.000044
32        33         0.000191        0.046448      0.046257        0.004319      0.000125
64        33         0.001579        0.054915      0.026668        0.002878      0.000039
128        33         0.013513        0.044956      0.031443        0.018306      0.000145
256        33         0.129235        0.242245      0.022602        0.140654      0.000346
512        33         1.230534        1.120638      -0.004778        1.155185      -0.002283
2        34         0.000000        0.048794      0.048794        0.001542      0.000045
4        34         0.000002        0.046607      0.046605        0.001637      0.000048
8        34         0.000005        0.050206      0.025100        0.001564      0.000046
16        34         0.000025        0.046507      0.046482        0.001587      0.000046
32        34         0.000188        0.058278      0.029045        0.002138      0.000057
64        34         0.001709        0.044719      0.043010        0.002933      0.000036
128        34         0.013304        0.053961      0.020329        0.018089      0.000141
256        34         0.127891        0.191640      0.015937        0.140658      0.000376
512        34         1.168225        1.238894      0.002827        1.294975      0.003728
2        35         0.000001        0.047677      0.047676        0.001943      0.000055
4        35         0.000003        0.046622      0.046619        0.001881      0.000054
8        35         0.000006        0.057907      0.028951        0.001872      0.000053
16        35         0.000032        0.061713      0.030840        0.003687      0.000104
32        35         0.000204        0.040172      0.039968        0.006336      0.000175
64        35         0.001772        0.044725      0.042953        0.003484      0.000049
128        35         0.014258        0.041298      0.027040        0.018931      0.000134
256        35         0.142147        0.188153      0.011501        0.150842      0.000248
512        35         1.049867        1.194444      0.006024        1.169679      0.003423
2        36         0.000001        0.026032      0.026031        0.001630      0.000045
4        36         0.000002        0.050384      0.025191        0.001480      0.000041
8        36         0.000005        0.060250      0.030123        0.001979      0.000055
16        36         0.000032        0.052537      0.026253        0.001918      0.000052
32        36         0.000219        0.053087      0.026434        0.001839      0.000045
64        36         0.001665        0.049655      0.047990        0.002627      0.000027
128        36         0.013262        0.042019      0.028757        0.017911      0.000129
256        36         0.118474        0.190116      0.017910        0.157833      0.001093
512        36         1.143953        1.221391      0.003098        1.282376      0.003845
2        37         0.000001        0.021264      0.021263        0.002057      0.000056
4        37         0.000003        0.053959      0.026978        0.002047      0.000055
8        37         0.000007        0.045830      0.045823        0.002037      0.000055
16        37         0.000030        0.050389      0.025180        0.002147      0.000057
32        37         0.000197        0.053170      0.026486        0.003704      0.000095
64        37         0.001575        0.051630      0.025028        0.003172      0.000043
128        37         0.013294        0.042288      0.028994        0.017750      0.000120
256        37         0.116482        0.188377      0.017974        0.142836      0.000712
512        37         1.105028        1.085449      -0.000890        1.231948      0.003430
2        38         0.000001        0.056830      0.028415        0.002083      0.000055
4        38         0.000003        0.049793      0.049790        0.002075      0.000055
8        38         0.000007        0.054093      0.027043        0.002109      0.000055
16        38         0.000030        0.047261      0.047231        0.001937      0.000050
32        38         0.000198        0.069159      0.034480        0.001924      0.000045
64        38         0.001678        0.044659      0.042981        0.004694      0.000079
128        38         0.014175        0.048887      0.034712        0.022160      0.000210
256        38         0.127756        0.180254      0.013125        0.141229      0.000355
512        38         1.177918        1.182023      0.000171        1.308361      0.003433
2        39         0.000004        0.031400      0.031396        0.001895      0.000048
4        39         0.000003        0.049997      0.049994        0.002320      0.000059
8        39         0.000006        0.053694      0.026844        0.002945      0.000075
16        39         0.000031        0.049017      0.048986        0.002190      0.000055
32        39         0.000198        0.057803      0.028803        0.003585      0.000087
64        39         0.001610        0.066964      0.032677        0.003731      0.000054
128        39         0.014372        0.045772      0.031400        0.020546      0.000158
256        39         0.134022        0.175164      0.010285        0.137117      0.000079
512        39         1.719435        1.343052      -0.013940        1.363797      -0.009119
2        40         0.000002        0.046472      0.046470        0.003914      0.000098
4        40         0.000002        0.047953      0.047951        0.002123      0.000053
8        40         0.000007        0.053943      0.026968        0.002315      0.000058
16        40         0.000035        0.051108      0.025537        0.002870      0.000071
32        40         0.000197        0.068933      0.034368        0.002484      0.000057
64        40         0.001610        0.044752      0.043142        0.003640      0.000051
128        40         0.012685        0.050454      0.018884        0.019589      0.000173
256        40         0.128594        0.205582      0.015398        0.143468      0.000372
512        40         1.122355        1.371904      0.008912        1.403450      0.007027

