16        1         0.000031        0.047353      0.047322        0.000270      0.000239
16        2         0.000047        0.051605      0.025779        0.000221      0.000087
16        3         0.000047        0.047618      0.047571        0.000727      0.000227
16        4         0.000028        0.051219      0.025595        0.000283      0.000064
16        5         0.000034        0.063654      0.031810        0.000270      0.000047
16        6         0.000028        0.051611      0.025792        0.000356      0.000055
16        7         0.000028        0.047635      0.047607        0.000535      0.000072
16        8         0.000028        0.059391      0.029681        0.002710      0.000335
16        9         0.000034        0.045167      0.045133        0.004126      0.000455
16        10         0.000033        0.107791      0.035919        0.004604      0.000457
16        11         0.000030        0.063342      0.031656        0.000606      0.000052
16        12         0.000029        0.051273      0.025622        0.000740      0.000059
16        13         0.000028        0.047234      0.047206        0.000692      0.000051
16        14         0.000029        0.051193      0.025582        0.000746      0.000051
16        15         0.000029        0.047192      0.047163        0.002915      0.000192
16        16         0.000032        0.048756      0.048724        0.006262      0.000389
